01
02
03
0301
0302
0303
0304
0305
0306
0307
0308
0309
0310
0311
04
0401
0402
0403
0404
0405
0406
0407
0408
0409
05
0501
0502
0503
0504
0505
0506
06
0601
0602
0603
0604
0605
0606
07
0701
0702
0703
0704
0705
0706
0707
0708
0709
0710
0711
0712
08
0801
0802
0803
0804
0805
0806
09
0901
0902
0903
0904
0905
0906
10
11
1101
1102
1103
1104
12
1201
1202
1203
1204
1205
1206
13
1301
1302
1303
14
15
1501
1502
1503
1504
1505
1506
1507
1508
16
1601
1602
1603
1604
1605
1606
1607
17
18
19
20
2001
21
22
23
2301
2302
2303
2304
2305
2306
24
25
26
27
30
3001
3002
3003
3004
3005
3006
31
32
3201
3202
3203
3204
3205
3206
3207
3208
3209
3210
3211
50
5001
5002
5003
5004
5005
5006
5007
5008
5009
5010
5011
5012
5013
5014
5015
5016
5017
5018
51
5101
5102
5103
5104
5105
5106
52
61
69
79
99
9901